
Displaying Example Image
tem2 =

 Columns 1 through 14:

   1.0000000   0.7926638   0.6908642   0.4513310   0.9481042   0.6438222   0.0653896   0.7314788   0.4958552   0.0536325   0.9288205   0.4796612   0.9695933   0.0341062

 Columns 15 through 26:

   0.4527910   0.0069385   0.3796882   0.2405235   0.5487791   0.3172751   0.8612133   0.8180944   0.1510432   0.8459744   0.2375287   0.1181427


Neural Network Prediction: 4 (digit 4)
Paused - press enter to continue, q to exit:

Displaying Example Image
tem2 =

 Columns 1 through 14:

   1.0000000   0.6963499   0.6984910   0.2125727   0.2145196   0.6774826   0.1934462   0.5158770   0.1176627   0.9504019   0.8946135   0.7731179   0.9865595   0.0088418

 Columns 15 through 26:

   0.1382918   0.2418702   0.7943314   0.1001704   0.8651762   0.0132491   0.0772384   0.9715352   0.7313647   0.8771165   0.5121548   0.1668419


Neural Network Prediction: 9 (digit 9)
Paused - press enter to continue, q to exit:q
>> submit
== Submitting solutions | Multi-class Classification and Neural Networks...
Use token from last successful submission (ttungl@gmail.com)? (Y/n): y
Iteration    33 | Cost: 3.391340e-01
Iteration    23 | Cost: 6.631438e-02
Iteration    32 | Cost: 1.002636e-01
Iteration    20 | Cost: 3.598119e-01
tem2 =

   1.000000   0.800712   0.729331   0.098345   0.701179
   1.000000   0.913105   0.698751   0.045114   0.845422
   1.000000   0.726837   0.879872   0.066863   0.550485
   1.000000   0.874355   0.863108   0.030103   0.740554
   1.000000   0.572533   0.329821   0.573929   0.613264
   1.000000   0.338675   0.363752   0.756678   0.404881
   1.000000   0.669143   0.153296   0.672181   0.752379
   1.000000   0.436080   0.173775   0.825595   0.565895
   1.000000   0.370040   0.784314   0.367621   0.301636
   1.000000   0.183406   0.808589   0.573029   0.156337
   1.000000   0.280060   0.908127   0.276357   0.183950
   1.000000   0.129480   0.919890   0.468555   0.088183
   1.000000   0.901587   0.267225   0.201747   0.895995
   1.000000   0.959936   0.238917   0.098672   0.952561
   1.000000   0.726837   0.879872   0.066863   0.550485
   1.000000   0.874355   0.863108   0.030103   0.740554

==
==                                   Part Name |     Score | Feedback
==                                   --------- |     ----- | --------
==             Regularized Logistic Regression |  30 /  30 | Nice work!
==              One-vs-All Classifier Training |  20 /  20 | Nice work!
==            One-vs-All Classifier Prediction |  20 /  20 | Nice work!
==          Neural Network Prediction Function |  30 /  30 | Nice work!
==                                   --------------------------------
==                                             | 100 / 100 |
==
>>