# Created by Octave 3.8.0, Tue Oct 25 22:29:12 2016 CDT <tungthanhle@Tungs-MacBook-Pro.local>
# name: v
# type: matrix
# rows: 10
# columns: 1
 3999
 3299
 3690
 2320
 5399
 2999
 3149
 1989
 2120
 2425


